time_stamp	px_state	py_state	v_state	yaw_angle_state	yaw_rate_state	sensor_type	NIS	px_measured	py_measured	px_ground_truth	py_ground_truth	vx_ground_truth	vy_ground_truth
1477010443000000	0.312243	0.58034	0	0	0	lidar	0	0.312243	0.58034	0.6	0.6	5.19994	0
1477010443050000	0.757276	0.645685	7.22722	-4.90915e-017	1.60856e-017	radar	0	0.862916	0.534212	0.859997	0.600045	5.19975	0.00179686
1477010443100000	1.12952	0.521756	7.25088	-0.374282	-0.03487	lidar	0	1.17385	0.481073	1.11998	0.600225	5.19943	0.00538996
1477010443150000	1.26573	0.552942	7.1684	-0.156214	-0.00543316	radar	0	0.969149	0.397513	1.37996	0.600629	5.19898	0.0107781
1477010443200000	1.63054	0.542361	7.14098	-0.0779558	0.0449533	lidar	0	1.65063	0.62469	1.6399	0.601347	5.19839	0.0179597
1477010443250000	1.86246	0.551465	6.01584	-0.0819392	-0.363984	radar	0	1.62331	0.499091	1.89982	0.60247	5.19766	0.0269323
1477010443300000	2.17086	0.555439	5.98392	-0.0634828	-0.267133	lidar	0	2.18882	0.648739	2.1597	0.604086	5.19678	0.0376932
1477010443350000	2.38426	0.621853	5.53388	0.0104332	-0.162656	radar	0	1.96701	0.557117	2.41954	0.606284	5.19573	0.0502389
1477010443400000	2.65768	0.634288	5.52152	0.0175933	-0.104135	lidar	0	2.65526	0.66598	2.67932	0.609155	5.1945	0.0645654
1477010443450000	2.92074	0.641023	5.45303	0.0116347	-0.123922	radar	0	2.92034	0.645898	2.93904	0.612786	5.19309	0.080668
1477010443500000	3.15385	0.643974	5.40355	0.0163167	-0.0848035	lidar	0	3.01222	0.637046	3.19869	0.617267	5.19147	0.0985415
1477010443550000	3.43887	0.547389	5.44065	-0.115264	-0.485854	radar	0	3.56096	0.485311	3.45825	0.622685	5.18963	0.11818
1477010443600000	3.74373	0.442375	5.52173	-0.225694	-0.731696	lidar	0	3.89365	0.311793	3.71772	0.62913	5.18754	0.139576
1477010443650000	4.0212	0.524496	5.50588	-0.0995164	-0.299098	radar	0	4.19786	0.698311	3.97708	0.636689	5.18519	0.162724
1477010443700000	4.29509	0.523062	5.49179	-0.0877144	-0.235306	lidar	0	4.30935	0.578564	4.23632	0.645449	5.18256	0.187614
1477010443750000	4.55158	0.567239	5.3671	-0.0402412	-0.106651	radar	0	4.61908	0.68951	4.49542	0.655498	5.17962	0.214238
1477010443800000	4.73421	0.68275	5.18409	0.0659731	0.124079	lidar	0	4.35143	0.899174	4.75437	0.666921	5.17634	0.242587
1477010443850000	4.98478	0.683939	5.08324	0.0586029	0.0989449	radar	0	5.20901	0.66599	5.01315	0.679804	5.1727	0.272649
1477010443900000	5.28495	0.67695	5.15982	0.0438005	0.0623907	lidar	0	5.51894	0.648233	5.27175	0.694234	5.16867	0.304413
1477010443950000	5.54469	0.684066	5.24776	0.0446261	0.0586585	radar	0	5.22834	0.639362	5.53013	0.710295	5.16422	0.337868
1477010444000000	5.8409	0.696454	5.3022	0.0459677	0.055541	lidar	0	6.022	0.708619	5.78828	0.728072	5.15932	0.372999
1477010444050000	6.082	0.627598	5.16227	-0.00449111	-0.0267623	radar	0	5.89392	0.373584	6.04618	0.747647	5.15393	0.409793
1477010444100000	6.33483	0.735431	5.15156	0.0628632	0.0742851	lidar	0	6.34249	0.948833	6.30379	0.769103	5.14803	0.448233
1477010444150000	6.58416	0.768538	5.10456	0.076635	0.0884354	radar	0	6.62134	0.836138	6.5611	0.792523	5.14157	0.488305
1477010444200000	6.83035	0.764771	5.09162	0.0676395	0.070443	lidar	0	6.78214	0.714036	6.81808	0.817988	5.13452	0.52999
1477010444250000	7.07119	0.751614	4.95154	0.0541056	0.0481348	radar	0	7.29121	0.630741	7.07469	0.845578	5.12685	0.573269
1477010444300000	7.28629	0.829985	4.90452	0.0927342	0.0936448	lidar	0	7.13735	0.957217	7.3309	0.875373	5.11851	0.618123
1477010444350000	7.58388	0.843705	5.13632	0.0902509	0.0846865	radar	0	8.08349	0.819605	7.58668	0.907449	5.10946	0.664531
1477010444400000	7.8361	0.821103	5.1268	0.0711848	0.0574229	lidar	0	7.80533	0.719126	7.84199	0.941886	5.09966	0.712469
1477010444450000	8.08387	0.840721	5.01266	0.07465	0.0578536	radar	0	8.40453	0.884557	8.0968	0.978759	5.08907	0.761915
1477010444500000	8.3202	0.854983	4.99089	0.0758022	0.0560031	lidar	0	8.24796	0.840322	8.35106	1.01814	5.07766	0.812843
1477010444550000	8.5931	0.940896	5.1971	0.109096	0.0893827	radar	0	8.45858	1.41118	8.60472	1.06011	5.06537	0.865226
1477010444600000	8.83325	0.995416	5.17158	0.125972	0.102693	lidar	0	8.74615	1.04858	8.85775	1.10473	5.05216	0.919037
1477010444650000	9.1249	1.03497	5.24135	0.132429	0.103868	radar	0	9.8809	1.1419	9.1101	1.15208	5.03798	0.974245
1477010444700000	9.3643	1.06581	5.20848	0.136596	0.102922	lidar	0	9.25579	1.04913	9.36172	1.20223	5.0228	1.03082
1477010444750000	9.64543	1.13668	5.27654	0.155384	0.116707	radar	0	10.1016	1.52474	9.61255	1.25524	5.00656	1.08873
1477010444800000	9.924	1.25631	5.32174	0.192769	0.14839	lidar	0	10.0484	1.44598	9.86254	1.31118	4.98922	1.14794
1477010444850000	10.1704	1.33861	5.16941	0.214276	0.163059	radar	0	10.5377	1.72555	10.1117	1.37011	4.97074	1.20841
1477010444900000	10.3939	1.41659	5.12983	0.2328	0.173514	lidar	0	10.2492	1.45907	10.3598	1.4321	4.95106	1.2701
1477010444950000	10.6239	1.49039	4.95806	0.249311	0.182032	radar	0	10.9084	1.70343	10.6069	1.49721	4.93014	1.33298
1477010445000000	10.8443	1.52578	4.91846	0.249144	0.17306	lidar	0	10.7313	1.45265	10.853	1.56549	4.90794	1.39701
1477010445050000	11.1127	1.57773	5.02858	0.251376	0.166316	radar	0	11.4783	1.42876	11.0979	1.637	4.8844	1.46213
1477010445100000	11.3928	1.62973	5.08291	0.252681	0.159277	lidar	0	11.587	1.61462	11.3416	1.71179	4.85948	1.52832
1477010445150000	11.6228	1.68396	5.00924	0.258271	0.157213	radar	0	11.4763	1.53917	11.584	1.78992	4.83313	1.59551
1477010445200000	11.851	1.7495	4.98815	0.267394	0.1585	lidar	0	11.7788	1.74591	11.8251	1.87144	4.80531	1.66366
1477010445250000	12.1103	1.83704	5.11453	0.280867	0.163449	radar	0	12.136	2.14937	12.0647	1.95639	4.77598	1.73273
1477010445300000	12.3525	1.87394	5.09473	0.276095	0.150769	lidar	0	12.3226	1.78353	12.3029	2.04482	4.74508	1.80265
1477010445350000	12.6098	1.93816	5.18402	0.279582	0.146346	radar	0	12.5457	1.77728	12.5394	2.13677	4.71257	1.87338
1477010445400000	12.813	2.06253	5.1366	0.310229	0.169397	lidar	0	12.5924	2.17509	12.7743	2.23227	4.67842	1.94485
1477010445450000	13.0837	2.16925	5.28845	0.325457	0.1753	radar	0	13.2198	2.6644	13.0075	2.33137	4.64258	2.01701
1477010445500000	13.2912	2.30366	5.24702	0.356227	0.197115	lidar	0	13.0875	2.40708	13.2388	2.43409	4.605	2.08981
1477010445550000	13.4695	2.427	4.99907	0.386239	0.218895	radar	0	12.7087	3.12439	13.4682	2.54047	4.56565	2.16317
1477010445600000	13.7198	2.54888	5.04389	0.404997	0.226581	lidar	0	13.836	2.62479	13.6955	2.65053	4.52448	2.23703
1477010445650000	13.9405	2.65246	5.00382	0.418961	0.229521	radar	0	13.8302	2.73893	13.9208	2.7643	4.48147	2.31134
1477010445700000	14.1707	2.80814	5.04101	0.449414	0.248256	lidar	0	14.2106	2.94205	14.1439	2.88179	4.43656	2.38601
1477010445750000	14.4228	2.92036	5.17601	0.457375	0.242509	radar	0	14.5568	2.87021	14.3646	3.00303	4.38974	2.46099
1477010445800000	14.6264	3.00357	5.11169	0.461129	0.23429	lidar	0	14.4616	2.90734	14.583	3.12802	4.34097	2.5362
1477010445850000	14.8611	3.15278	5.2067	0.483158	0.243721	radar	0	14.6754	3.96041	14.7989	3.25679	4.29021	2.61157
1477010445900000	15.0741	3.34421	5.23454	0.522267	0.270355	lidar	0	15.0261	3.5067	15.0122	3.38932	4.23744	2.68703
1477010445950000	15.2872	3.49764	5.15038	0.547156	0.283083	radar	0	15.3685	4.14761	15.2228	3.52563	4.18263	2.76249
1477010446000000	15.5031	3.6901	5.19392	0.581761	0.303277	lidar	0	15.5236	3.82936	15.4306	3.66572	4.12575	2.83789
1477010446050000	15.7144	3.81906	5.15518	0.592763	0.299533	radar	0	15.7234	3.4105	15.6355	3.80957	4.06678	2.91315
1477010446100000	15.9339	3.97372	5.17357	0.609786	0.301544	lidar	0	15.9774	4.00094	15.8375	3.95719	4.00571	2.98817
1477010446150000	16.1311	4.12217	5.04857	0.629598	0.308339	radar	0	16.3376	4.21632	16.0363	4.10854	3.94251	3.0629
1477010446200000	16.3277	4.32326	5.09047	0.663233	0.326266	lidar	0	16.3313	4.44499	16.2319	4.26363	3.87716	3.13723
1477010446250000	16.5394	4.48329	5.12514	0.677459	0.32386	radar	0	16.7586	4.48231	16.4242	4.42242	3.80966	3.21109
1477010446300000	16.7146	4.65834	5.10824	0.701981	0.332029	lidar	0	16.6039	4.67344	16.613	4.5849	3.74	3.28438
1477010446350000	16.8724	4.82337	4.88039	0.730627	0.348238	radar	0	16.9236	5.10119	16.7983	4.75103	3.66817	3.35704
1477010446400000	17.0351	5.05536	4.93412	0.773202	0.372893	lidar	0	16.9955	5.21099	16.9799	4.92077	3.59416	3.42897
1477010446450000	17.2077	5.21147	4.88551	0.787513	0.369324	radar	0	17.3421	4.64623	17.1579	5.09409	3.51797	3.50008
1477010446500000	17.3617	5.40382	4.8865	0.814932	0.378046	lidar	0	17.2894	5.43542	17.3319	5.27094	3.4396	3.57028
1477010446550000	17.5207	5.55749	4.80674	0.828839	0.374276	radar	0	17.6463	4.74597	17.5019	5.45128	3.35907	3.63949
1477010446600000	17.7028	5.69963	4.78572	0.831693	0.358848	lidar	0	17.7853	5.62476	17.6679	5.63506	3.27637	3.70762
1477010446650000	17.8523	5.87811	4.70924	0.854472	0.365413	radar	0	17.9216	6.07151	17.8297	5.82221	3.19151	3.77458
1477010446700000	18.0207	6.08491	4.76416	0.877503	0.37016	lidar	0	18.1263	6.16985	17.9872	6.01269	3.10453	3.84027
1477010446750000	18.1751	6.28411	4.80112	0.898903	0.372635	radar	0	18.1245	6.79027	18.1402	6.20641	3.01542	3.90462
1477010446800000	18.2968	6.5322	4.85428	0.940926	0.395358	lidar	0	18.2164	6.66138	18.2888	6.40332	2.92421	3.96753
1477010446850000	18.433	6.73526	4.83378	0.964583	0.400022	radar	0	18.4022	7.02231	18.4328	6.60333	2.83093	4.0289
1477010446900000	18.5718	6.88558	4.76515	0.969809	0.385591	lidar	0	18.5422	6.76013	18.572	6.80638	2.7356	4.08867
1477010446950000	18.7221	7.09373	4.85835	0.984542	0.37909	radar	0	18.8089	7.24388	18.7064	7.01237	2.63825	4.14672
1477010447000000	18.9093	7.25061	4.84166	0.976377	0.353043	lidar	0	19.1441	7.18344	18.8359	7.22122	2.53893	4.20299
1477010447050000	19.0033	7.43687	4.68236	1.0051	0.367052	radar	0	18.5479	7.4012	18.9604	7.43283	2.43767	4.25737
1477010447100000	19.0958	7.70873	4.76591	1.05105	0.393797	lidar	0	19.0138	7.8688	19.0798	7.64712	2.3345	4.3098
1477010447150000	19.2181	7.91327	4.78565	1.06714	0.389504	radar	0	19.3089	7.67375	19.1939	7.86397	2.22949	4.36017
1477010447200000	19.2963	8.13537	4.77382	1.09932	0.401493	lidar	0	19.132	8.12845	19.3028	8.08329	2.12266	4.40842
1477010447250000	19.396	8.3453	4.80442	1.11797	0.398077	radar	0	19.0239	8.17194	19.4062	8.30497	2.01409	4.45445
1477010447300000	19.4856	8.49661	4.68591	1.12603	0.386225	lidar	0	19.347	8.30741	19.5042	8.5289	1.90381	4.49819
1477010447350000	19.5798	8.69838	4.63894	1.14561	0.387581	radar	0	19.6843	8.35902	19.5966	8.75494	1.7919	4.53956
1477010447400000	19.7329	8.88654	4.64263	1.14178	0.365765	lidar	0	20.0039	8.8906	19.6835	8.983	1.67841	4.57848
1477010447450000	19.8118	9.09889	4.5796	1.16781	0.375493	radar	0	19.6061	9.48659	19.7645	9.21294	1.56341	4.61488
1477010447500000	19.937	9.33855	4.65392	1.18127	0.371029	lidar	0	20.1574	9.45949	19.8398	9.44463	1.44697	4.64869
1477010447550000	19.991	9.54367	4.52201	1.21287	0.387715	radar	0	19.6163	9.76606	19.9093	9.67795	1.32916	4.67984
1477010447600000	20.0752	9.79455	4.59345	1.23798	0.393598	lidar	0	20.1573	9.90876	19.9728	9.91275	1.21005	4.70826
1477010447650000	20.138	10.045	4.68238	1.26508	0.398872	radar	0	19.1911	11.5493	20.0303	10.1489	1.08972	4.73389
1477010447700000	20.1867	10.3282	4.77719	1.30273	0.416073	lidar	0	20.166	10.4687	20.0818	10.3863	0.968259	4.75666
1477010447750000	20.2107	10.5493	4.66046	1.33953	0.43602	radar	0	19.6775	10.803	20.1271	10.6247	0.845742	4.77652
1477010447800000	20.2668	10.8362	4.77247	1.37015	0.444985	lidar	0	20.371	11.0109	20.1663	10.864	0.722256	4.7934
1477010447850000	20.2968	11.0932	4.81626	1.40054	0.452286	radar	0	19.4335	12.3402	20.1993	11.1041	0.597892	4.80727
1477010447900000	20.3301	11.337	4.8263	1.42566	0.454673	lidar	0	20.3164	11.3483	20.2261	11.3449	0.472738	4.81807
1477010447950000	20.292	11.5607	4.62684	1.48249	0.497602	radar	0	19.2063	12.2418	20.2466	11.5861	0.346889	4.82575
1477010448000000	20.357	11.8128	4.68006	1.49429	0.485875	lidar	0	20.6141	11.9422	20.2608	11.8275	0.220439	4.83027
1477010448050000	20.3781	12.051	4.77209	1.50953	0.470703	radar	0	19.966	11.9688	20.2687	12.0692	0.093487	4.83159
1477010448100000	20.3625	12.3522	4.89207	1.54965	0.486649	lidar	0	20.3263	12.4966	20.2701	12.3108	-0.0338694	4.82968
1477010448150000	20.3231	12.5747	4.74191	1.59649	0.516953	radar	0	20.0192	12.4823	20.2652	12.5522	-0.161529	4.82451
1477010448200000	20.3441	12.8204	4.76072	1.61281	0.508343	lidar	0	20.498	12.8924	20.254	12.7933	-0.28939	4.81605
1477010448250000	20.3359	13.0419	4.70571	1.63767	0.509981	radar	0	20.9151	12.2555	20.2363	13.0339	-0.417348	4.80428
1477010448300000	20.3007	13.2557	4.66527	1.66729	0.513504	lidar	0	20.1943	13.1688	20.2122	13.2738	-0.545298	4.78918
1477010448350000	20.2648	13.485	4.67149	1.69525	0.514473	radar	0	19.858	13.5236	20.1818	13.5129	-0.673135	4.77072
1477010448400000	20.2376	13.7571	4.75381	1.7213	0.515244	lidar	0	20.3245	13.8896	20.1449	13.7509	-0.800753	4.74892
1477010448450000	20.188	13.975	4.6889	1.7545	0.52604	radar	0	20.3387	13.5307	20.1017	13.9878	-0.928043	4.72374
1477010448500000	20.1271	14.2428	4.77084	1.78703	0.532173	lidar	0	20.1216	14.337	20.0521	14.2233	-1.0549	4.69521
1477010448550000	20.0578	14.4671	4.75549	1.81929	0.537871	radar	0	19.6717	14.4038	19.9962	14.4573	-1.18121	4.66331
1477010448600000	19.9445	14.7353	4.85495	1.86405	0.554612	lidar	0	19.781	14.773	19.934	14.6897	-1.30687	4.62805
1477010448650000	19.8772	14.9499	4.8392	1.8861	0.545505	radar	0	20.1149	14.0165	19.8655	14.9202	-1.43177	4.58944
1477010448700000	19.8443	15.167	4.79177	1.8983	0.531669	lidar	0	20.0208	15.2053	19.7908	15.1486	-1.55581	4.54751
1477010448750000	19.727	15.3637	4.64018	1.95809	0.581865	radar	0	20.0157	15.3443	19.7099	15.3749	-1.67887	4.50226
1477010448800000	19.6987	15.5467	4.53913	1.96763	0.563781	lidar	0	19.9131	15.554	19.6229	15.5989	-1.80085	4.45372
1477010448850000	19.6113	15.7419	4.51246	1.99508	0.562661	radar	0	19.9388	15.0864	19.5298	15.8203	-1.92164	4.40193
1477010448900000	19.5008	15.9665	4.56434	2.02675	0.566073	lidar	0	19.4748	16.0098	19.4307	16.039	-2.04114	4.3469
1477010448950000	19.4002	16.1704	4.58665	2.04848	0.554273	radar	0	19.1556	16.0022	19.3257	16.2549	-2.15925	4.28868
1477010449000000	19.2888	16.3509	4.54645	2.07902	0.556653	lidar	0	19.238	16.2719	19.2148	16.4679	-2.27586	4.22731
1477010449050000	19.176	16.5416	4.52828	2.1088	0.559964	radar	0	19.4007	16.2962	19.0981	16.6777	-2.39087	4.16284
1477010449100000	19.0353	16.7664	4.6114	2.14034	0.563434	lidar	0	19.0029	16.8387	18.9757	16.8841	-2.50418	4.0953
1477010449150000	18.8842	16.9571	4.59131	2.19116	0.599662	radar	0	18.8373	17.7112	18.8477	17.0872	-2.61571	4.02476
1477010449200000	18.6945	17.2159	4.78817	2.22802	0.606353	lidar	0	18.6148	17.3832	18.7142	17.2866	-2.72534	3.95127
1477010449250000	18.5863	17.4176	4.79549	2.22726	0.560409	radar	0	18.8177	17.0316	18.5752	17.4822	-2.83299	3.87489
1477010449300000	18.3626	17.6232	4.91496	2.27461	0.577748	lidar	0	18.1023	17.5529	18.4309	17.674	-2.93858	3.79568
1477010449350000	18.2221	17.8151	4.91492	2.28577	0.550362	radar	0	18.2749	17.4877	18.2814	17.8617	-3.042	3.71372
1477010449400000	18.0907	17.9962	4.87074	2.30468	0.542736	lidar	0	18.2094	18.0461	18.1268	18.0453	-3.14318	3.62906
1477010449450000	17.9173	18.1514	4.8337	2.34327	0.558626	radar	0	18.3021	17.498	17.9671	18.2246	-3.24204	3.5418
1477010449500000	17.7945	18.2818	4.69949	2.36583	0.553795	lidar	0	17.9018	18.2183	17.8026	18.3994	-3.3385	3.45199
1477010449550000	17.6638	18.4582	4.67001	2.37645	0.534004	radar	0	18.8558	18.1364	17.6334	18.5697	-3.43247	3.35973
1477010449600000	17.4578	18.6488	4.77245	2.40585	0.536408	lidar	0	17.3845	18.7039	17.4595	18.7353	-3.5239	3.26509
1477010449650000	17.2809	18.7886	4.73999	2.43773	0.54296	radar	0	17.7945	18.0801	17.281	18.8962	-3.61271	3.16817
1477010449700000	17.1231	18.9194	4.67066	2.46322	0.5415	lidar	0	17.1762	18.8863	17.0983	19.0521	-3.69883	3.06904
1477010449750000	16.9551	19.0893	4.68456	2.47735	0.525987	radar	0	16.9398	19.7311	16.9113	19.203	-3.78221	2.9678
1477010449800000	16.735	19.2074	4.70076	2.51677	0.537478	lidar	0	16.5734	19.052	16.7201	19.3488	-3.86278	2.86455
1477010449850000	16.5425	19.3636	4.7343	2.53924	0.534344	radar	0	16.1674	20.2201	16.5251	19.4894	-3.9405	2.75938
1477010449900000	16.3049	19.5338	4.85711	2.56516	0.533444	lidar	0	16.2338	19.6171	16.3262	19.6246	-4.01531	2.65237
1477010449950000	16.0851	19.6178	4.82324	2.61003	0.554072	radar	0	16.4366	18.2742	16.1237	19.7545	-4.08716	2.54364
1477010450000000	15.8764	19.7629	4.8572	2.63101	0.548096	lidar	0	15.9243	19.8703	15.9176	19.8789	-4.15602	2.43329
1477010450050000	15.6912	19.8821	4.78593	2.64265	0.522731	radar	0	16.2328	19.2166	15.7082	19.9978	-4.22185	2.32141
1477010450100000	15.4498	20.0405	4.89839	2.66162	0.516045	lidar	0	15.4332	20.1836	15.4956	20.111	-4.28461	2.2081
1477010450150000	15.2319	20.1866	4.93229	2.67388	0.49963	radar	0	14.3677	21.3406	15.2799	20.2185	-4.34427	2.09347
1477010450200000	15.0502	20.3094	4.87863	2.68849	0.490791	lidar	0	15.2016	20.4385	15.0613	20.3203	-4.4008	1.97763
1477010450250000	14.8199	20.3949	4.87837	2.7211	0.499484	radar	0	14.7476	19.9571	14.84	20.4162	-4.4542	1.86068
1477010450300000	14.6053	20.5108	4.88312	2.73931	0.49356	lidar	0	14.6665	20.6088	14.6161	20.5063	-4.50443	1.74272
1477010450350000	14.3644	20.6034	4.92479	2.76971	0.502797	radar	0	13.841	21.0031	14.3897	20.5904	-4.55149	1.62386
1477010450400000	14.1194	20.6764	4.93792	2.80074	0.507887	lidar	0	14.0521	20.5924	14.1611	20.6686	-4.59537	1.50421
1477010450450000	13.8787	20.7519	4.96225	2.8315	0.516619	radar	0	13.8232	20.859	13.9304	20.7408	-4.63606	1.38386
1477010450500000	13.6006	20.8186	5.03529	2.86384	0.521894	lidar	0	13.4686	20.7253	13.6977	20.807	-4.67357	1.26294
1477010450550000	13.3461	20.8562	5.07668	2.90802	0.548338	radar	0	13.8263	20.4261	13.4632	20.8671	-4.70789	1.14153
1477010450600000	13.1078	20.8941	5.04322	2.93987	0.55246	lidar	0	13.1072	20.8294	13.2271	20.9211	-4.73904	1.01975
1477010450650000	12.8725	20.9532	5.02813	2.96274	0.548345	radar	0	13.2669	21.1579	12.9895	20.969	-4.76702	0.897694
1477010450700000	12.6917	20.9878	4.88986	2.98735	0.547145	lidar	0	12.8729	21.0592	12.7506	21.0108	-4.79186	0.775469
1477010450750000	12.4313	21.0319	4.94689	3.01446	0.548676	radar	0	11.5171	21.6724	12.5106	21.0465	-4.81358	0.653175
1477010450800000	12.1878	21.0683	4.94797	3.03916	0.546254	lidar	0	12.2062	21.11	12.2695	21.0761	-4.83219	0.530912
1477010450850000	11.9462	21.0895	4.95854	3.06904	0.55191	radar	0	12.3859	21.1066	12.0276	21.0996	-4.84773	0.408778
1477010450900000	11.7116	21.0591	4.90815	3.1107	0.564922	lidar	0	11.6814	20.8651	11.785	21.117	-4.86022	0.286869
1477010450950000	11.4605	21.0474	4.92368	3.14546	0.572217	radar	0	11.5265	20.6748	11.5418	21.1283	-4.86971	0.165281
1477010451000000	11.2565	21.0373	4.83593	3.17551	0.574603	lidar	0	11.363	21.0688	11.2982	21.1335	-4.87623	0.0441057
1477010451050000	10.9956	21.0016	4.88073	3.21344	0.584077	radar	0	10.5558	20.5567	11.0544	21.1327	-4.87982	-0.076565
1477010451100000	10.7971	20.9612	4.78486	3.24966	0.591678	lidar	0	10.8903	20.927	10.8105	21.1259	-4.88053	-0.196643
1477010451150000	10.5541	20.9538	4.72682	3.26617	0.571977	radar	0	9.30535	21.3896	10.5666	21.1131	-4.8784	-0.31604
1477010451200000	10.2625	20.9827	4.85332	3.27208	0.5497	lidar	0	10.189	21.209	10.3229	21.0943	-4.87349	-0.434674
1477010451250000	10.0266	20.962	4.83884	3.29435	0.544248	radar	0	9.97958	21.2932	10.0795	21.0697	-4.86585	-0.552463
1477010451300000	9.84646	20.9195	4.72185	3.32574	0.549753	lidar	0	9.99634	20.9797	9.83658	21.0391	-4.85554	-0.669327
1477010451350000	9.63035	20.9	4.60115	3.33869	0.528539	radar	0	9.38223	21.111	9.59422	21.0028	-4.84262	-0.785189
1477010451400000	9.4439	20.8484	4.52483	3.36929	0.533443	lidar	0	9.53921	20.8762	9.35258	20.9607	-4.82714	-0.899977
1477010451450000	9.23357	20.8025	4.51591	3.39469	0.533418	radar	0	9.63392	20.9724	9.11177	20.9128	-4.80919	-1.01362
1477010451500000	8.91813	20.775	4.70438	3.40138	0.512575	lidar	0	8.70331	20.8221	8.87192	20.8594	-4.78881	-1.12605
1477010451550000	8.71174	20.6949	4.67339	3.4353	0.521155	radar	0	9.84634	20.009	8.63315	20.8003	-4.76608	-1.2372
1477010451600000	8.41689	20.6147	4.81618	3.45668	0.514805	lidar	0	8.22277	20.4839	8.39557	20.7358	-4.74108	-1.34701
1477010451650000	8.19012	20.5351	4.82136	3.48375	0.516588	radar	0	8.29647	20.4978	8.1593	20.6657	-4.71387	-1.45542
1477010451700000	7.94066	20.4554	4.86569	3.50528	0.512046	lidar	0	7.88599	20.45	7.92445	20.5903	-4.68453	-1.56237
1477010451750000	7.72369	20.3712	4.89167	3.53316	0.517891	radar	0	8.29081	20.6565	7.69111	20.5096	-4.65313	-1.66781
1477010451800000	7.39625	20.3116	5.07394	3.5323	0.491039	lidar	0	7.18029	20.392	7.45939	20.4237	-4.61975	-1.7717
1477010451850000	7.1643	20.2162	5.03809	3.55379	0.485793	radar	0	7.09214	20.1196	7.22939	20.3326	-4.58448	-1.87399
1477010451900000	6.89459	20.1312	5.1063	3.56587	0.473814	lidar	0	6.81542	20.1859	7.00119	20.2364	-4.54738	-1.97462
1477010451950000	6.67366	20.0395	5.04176	3.58391	0.466218	radar	0	6.89359	20.1536	6.7749	20.1352	-4.50854	-2.07357
1477010452000000	6.42522	19.9463	5.07468	3.59821	0.457666	lidar	0	6.38914	20.0137	6.55059	20.0292	-4.46805	-2.17079
1477010452050000	6.21384	19.8527	5.02548	3.61667	0.453485	radar	0	6.67637	20.2142	6.32834	19.9183	-4.42598	-2.26625
1477010452100000	5.94692	19.7574	5.09643	3.62473	0.439365	lidar	0	5.86119	19.8306	6.10823	19.8027	-4.38241	-2.35993
1477010452150000	5.70593	19.6162	5.19241	3.65289	0.448244	radar	0	5.28178	19.5036	5.89034	19.6824	-4.33744	-2.45178
1477010452200000	5.54282	19.4928	5.07647	3.68505	0.458708	lidar	0	5.69089	19.5755	5.67472	19.5577	-4.29114	-2.5418
1477010452250000	5.34046	19.3456	5.06994	3.71502	0.465874	radar	0	5.9506	18.9859	5.46145	19.4284	-4.24359	-2.62995
1477010452300000	5.13284	19.2429	5.0386	3.72835	0.457406	lidar	0	5.17021	19.4397	5.25059	19.2948	-4.19488	-2.71622
1477010452350000	4.95708	19.129	4.89657	3.74689	0.450597	radar	0	5.87397	19.301	5.04219	19.157	-4.1451	-2.80059
1477010452400000	4.7993	18.982	4.82855	3.77983	0.461098	lidar	0	4.89149	18.982	4.8363	19.015	-4.09432	-2.88305
1477010452450000	4.58617	18.832	4.91679	3.80144	0.461883	radar	0	3.98679	19.0452	4.63297	18.8689	-4.04263	-2.96359
1477010452500000	4.41182	18.702	4.86829	3.82235	0.460691	lidar	0	4.4685	18.834	4.43224	18.7188	-3.99012	-3.0422
1477010452550000	4.24284	18.558	4.76983	3.84429	0.457183	radar	0	4.69245	18.4634	4.23416	18.5648	-3.93685	-3.11888
1477010452600000	4.12159	18.409	4.66926	3.87935	0.470062	lidar	0	4.26269	18.481	4.03876	18.4071	-3.88293	-3.19362
1477010452650000	3.92047	18.238	4.89632	3.9041	0.478066	radar	0	3.42434	18.8357	3.84606	18.2457	-3.82841	-3.26644
1477010452700000	3.65612	18.0906	5.01025	3.89913	0.449401	lidar	0	3.45919	18.167	3.65611	18.0807	-3.77339	-3.33732
1477010452750000	3.50573	17.9404	4.8513	3.91966	0.444067	radar	0	4.3011	17.9267	3.46891	17.9122	-3.71795	-3.40627
1477010452800000	3.27166	17.7705	4.94399	3.92454	0.426451	lidar	0	3.12525	17.7493	3.28449	17.7402	-3.66215	-3.47331
1477010452850000	3.08147	17.588	5.05551	3.9459	0.429916	radar	0	2.65664	17.888	3.10287	17.565	-3.60609	-3.53844
1477010452900000	2.91013	17.4688	4.98495	3.95207	0.416843	lidar	0	2.9449	17.8154	2.92405	17.3866	-3.54982	-3.60167
1477010452950000	2.74998	17.2562	5.10917	3.98698	0.434797	radar	0	3.26647	17.0897	2.74805	17.2051	-3.49344	-3.66302
1477010453000000	2.57338	17.0675	5.11795	4.00514	0.431336	lidar	0	2.55407	17.0853	2.57486	17.0205	-3.437	-3.72251
1477010453050000	2.42141	16.902	4.93284	4.0186	0.418556	radar	0	2.55039	16.8884	2.4045	16.833	-3.38059	-3.78014
1477010453100000	2.25979	16.7305	4.9188	4.03337	0.413067	lidar	0	2.25371	16.8334	2.23695	16.6427	-3.32428	-3.83595
1477010453150000	2.09269	16.5332	4.87023	4.0484	0.404287	radar	0	1.57735	16.0489	2.07221	16.4497	-3.26812	-3.88995
1477010453200000	1.93133	16.3041	4.93038	4.07252	0.406964	lidar	0	1.88972	16.1054	1.91027	16.254	-3.21219	-3.94216
1477010453250000	1.78898	16.1274	4.82786	4.08679	0.398871	radar	0	1.74362	16.2687	1.75112	16.0557	-3.15656	-3.99261
1477010453300000	1.5861	15.9573	4.87623	4.08149	0.374641	lidar	0	1.44745	16.0853	1.59474	15.8549	-3.10129	-4.04132
1477010453350000	1.44581	15.7275	5.01985	4.11069	0.388264	radar	0	1.6097	15.5526	1.44111	15.6517	-3.04644	-4.08832
1477010453400000	1.26959	15.5065	5.0812	4.12132	0.379155	lidar	0	1.18395	15.4284	1.29021	15.4463	-2.99207	-4.13364
1477010453450000	1.12022	15.3137	5.02518	4.13197	0.369792	radar	0	0.828993	15.528	1.14201	15.2386	-2.93825	-4.1773
1477010453500000	0.90535	15.0898	5.13716	4.12755	0.346762	lidar	0	0.722706	15.0075	0.996486	15.0288	-2.88503	-4.21933
1477010453550000	0.77705	14.9114	4.97606	4.13836	0.337276	radar	0	1.03147	15.2134	0.853604	14.8169	-2.83246	-4.25977
1477010453600000	0.672226	14.7016	4.94188	4.16447	0.346386	lidar	0	0.737301	14.7047	0.71333	14.603	-2.78061	-4.29864
1477010453650000	0.550376	14.461	5.05935	4.19117	0.35796	radar	0	0.722177	14.2445	0.575628	14.3872	-2.72952	-4.33598
1477010453700000	0.3739	14.2352	5.12696	4.19276	0.341761	lidar	0	0.253435	14.2029	0.440459	14.1696	-2.67925	-4.37181
1477010453750000	0.234215	13.9821	5.30807	4.21401	0.349759	radar	0	-0.0328023	13.9604	0.307779	13.9502	-2.62984	-4.40617
1477010453800000	0.215916	13.7385	5.20327	4.26856	0.386018	lidar	0	0.459172	13.6856	0.177545	13.7292	-2.58135	-4.43909
1477010453850000	0.101834	13.4949	5.28128	4.28901	0.388913	radar	0	0.0524412	13.6377	0.0497099	13.5065	-2.53381	-4.47061
1477010453900000	-0.0607397	13.2581	5.33212	4.28866	0.369463	lidar	0	-0.190344	13.2856	-0.0757753	13.2823	-2.48728	-4.50075
1477010453950000	-0.172754	13.0421	5.19441	4.29887	0.358548	radar	0	-0.275043	13.1456	-0.198962	13.0566	-2.44179	-4.52955
1477010454000000	-0.177466	12.8248	5.06948	4.34716	0.389183	lidar	0	0.0462308	12.9301	-0.319903	12.8295	-2.39739	-4.55704
1477010454050000	-0.285855	12.6	4.96446	4.35601	0.376068	radar	0	-0.684792	12.3563	-0.438654	12.6011	-2.35412	-4.58326
1477010454100000	-0.40178	12.3656	4.99386	4.36398	0.365315	lidar	0	-0.476482	12.3633	-0.555273	12.3714	-2.31202	-4.60823
1477010454150000	-0.510791	12.1577	4.92304	4.36862	0.35101	radar	0	-0.972122	12.5207	-0.669818	12.1404	-2.27111	-4.63198
1477010454200000	-0.588176	11.9433	4.89352	4.38529	0.3506	lidar	0	-0.582624	12.0386	-0.78235	11.9083	-2.23144	-4.65456
1477010454250000	-0.701069	11.714	4.89129	4.38886	0.336072	radar	0	-1.26757	11.6495	-0.892931	11.6751	-2.19304	-4.67598
1477010454300000	-0.890981	11.4647	5.00604	4.36621	0.296672	lidar	0	-1.17212	11.3988	-1.00163	11.4409	-2.15594	-4.69628
1477010454350000	-0.97311	11.2436	4.8621	4.3766	0.288592	radar	0	-0.891441	10.959	-1.1085	11.2057	-2.12017	-4.71549
1477010454400000	-1.14803	11.0137	4.9389	4.35569	0.253798	lidar	0	-1.39289	11.0424	-1.21362	10.9695	-2.08575	-4.73364
1477010454450000	-1.23304	10.7683	5.04587	4.37235	0.260457	radar	0	-1.29894	10.9012	-1.31706	10.7324	-2.05273	-4.75075
1477010454500000	-1.36869	10.5096	5.1212	4.36794	0.242875	lidar	0	-1.49687	10.4198	-1.41889	10.4945	-2.02111	-4.76686
1477010454550000	-1.46286	10.2465	5.21174	4.3805	0.244633	radar	0	-1.59293	10.0212	-1.51917	10.2559	-1.99093	-4.78198
1477010454600000	-1.56184	10.0362	5.16796	4.3835	0.236361	lidar	0	-1.61875	10.2374	-1.61797	10.0165	-1.96221	-4.79615
1477010454650000	-1.64223	9.81099	5.08148	4.39225	0.231719	radar	0	-1.59702	9.96554	-1.71539	9.77637	-1.93498	-4.80939
1477010454700000	-1.72096	9.59243	5.04563	4.40171	0.230127	lidar	0	-1.73381	9.71347	-1.81147	9.53564	-1.90924	-4.82172
1477010454750000	-1.83435	9.33842	5.14803	4.40216	0.220784	radar	0	-2.27191	9.37316	-1.90631	9.29431	-1.88502	-4.83316
1477010454800000	-1.92789	9.04	5.24584	4.41187	0.218359	lidar	0	-1.93833	8.77028	-1.99998	9.05243	-1.86233	-4.84374
1477010454850000	-2.00339	8.82326	5.10608	4.4171	0.210037	radar	0	-1.96565	9.13274	-2.09256	8.81003	-1.8412	-4.85347
1477010454900000	-2.10492	8.56955	5.1449	4.41795	0.200374	lidar	0	-2.1768	8.5411	-2.18412	8.56717	-1.82164	-4.86238
1477010454950000	-2.2304	8.31451	5.18193	4.40875	0.180414	radar	0	-2.65862	8.19477	-2.27474	8.32388	-1.80365	-4.87047
1477010455000000	-2.28044	8.08446	5.13143	4.42607	0.188916	lidar	0	-2.21875	8.15339	-2.3645	8.0802	-1.78726	-4.87778
1477010455050000	-2.33452	7.87892	5.01928	4.43752	0.1904	radar	0	-2.273	8.52315	-2.45348	7.83617	-1.77248	-4.8843
1477010455100000	-2.45339	7.62426	5.08507	4.42905	0.172498	lidar	0	-2.59674	7.60288	-2.54177	7.59184	-1.75931	-4.89006
1477010455150000	-2.59868	7.39352	5.00196	4.40366	0.133322	radar	0	-3.08256	7.38874	-2.62944	7.34723	-1.74777	-4.89507
1477010455200000	-2.70892	7.13468	5.06702	4.39901	0.121806	lidar	0	-2.79865	7.064	-2.71658	7.10238	-1.73786	-4.89933
1477010455250000	-2.77275	6.90394	5.0696	4.4111	0.129803	radar	0	-2.79412	7.20818	-2.80326	6.85734	-1.72958	-4.90286
1477010455300000	-2.81404	6.70238	4.96931	4.42682	0.139659	lidar	0	-2.74651	6.86867	-2.88957	6.61214	-1.72295	-4.90566
1477010455350000	-2.86293	6.49164	4.80004	4.43395	0.134574	radar	0	-2.57673	6.36755	-2.97559	6.36681	-1.71797	-4.90774
1477010455400000	-2.92352	6.25646	4.80318	4.44268	0.136422	lidar	0	-2.90217	6.22989	-3.0614	6.12139	-1.71464	-4.90911
1477010455450000	-3.04431	6.00617	4.90038	4.43017	0.117713	radar	0	-3.50172	6.10796	-3.14709	5.87592	-1.71297	-4.90976
1477010455500000	-3.1376	5.72407	5.00734	4.42966	0.11042	lidar	0	-3.1778	5.53101	-3.23274	5.63043	-1.71295	-4.9097
1477010455550000	-3.24234	5.47972	4.95308	4.41579	0.0843219	radar	0	-3.19736	5.19093	-3.31843	5.38496	-1.71458	-4.90893
1477010455600000	-3.34562	5.21185	5.04108	4.41061	0.0745455	lidar	0	-3.43031	5.10507	-3.40424	5.13955	-1.71787	-4.90745
1477010455650000	-3.41932	4.96636	5.06181	4.41602	0.0772145	radar	0	-3.4281	4.94644	-3.49026	4.89422	-1.72281	-4.90525
1477010455700000	-3.54338	4.67631	5.20661	4.40495	0.0619792	lidar	0	-3.69435	4.52196	-3.57657	4.64902	-1.72939	-4.90233
1477010455750000	-3.65422	4.42248	5.17254	4.38852	0.0339986	radar	0	-3.50501	4.17643	-3.66325	4.40398	-1.73763	-4.89868
1477010455800000	-3.79385	4.14009	5.31167	4.37292	0.0171101	lidar	0	-4.00238	4.04684	-3.75039	4.15913	-1.74749	-4.8943
1477010455850000	-3.87844	3.90038	5.30202	4.37666	0.0225931	radar	0	-4.06447	4.10977	-3.83806	3.91452	-1.75899	-4.88918
1477010455900000	-3.94617	3.67424	5.22895	4.3824	0.0270425	lidar	0	-3.88053	3.75177	-3.92635	3.67019	-1.77212	-4.8833
1477010455950000	-4.04239	3.47652	5.0976	4.36905	0.00581649	radar	0	-4.23729	3.88878	-4.01533	3.42616	-1.78686	-4.87666
1477010456000000	-4.13277	3.2323	5.11254	4.36825	0.00482279	lidar	0	-4.15119	3.21968	-4.10509	3.18248	-1.8032	-4.86925
1477010456050000	-4.25459	2.96992	5.17665	4.35274	-0.0170847	radar	0	-4.27467	2.88187	-4.19571	2.93919	-1.82113	-4.86104
1477010456100000	-4.34741	2.69056	5.26076	4.35487	-0.014309	lidar	0	-4.32451	2.55034	-4.28727	2.69633	-1.84065	-4.85202
1477010456150000	-4.43702	2.44052	5.26692	4.3557	-0.0124257	radar	0	-4.38481	2.39989	-4.37985	2.45393	-1.86173	-4.84218
1477010456200000	-4.5445	2.17018	5.33975	4.35307	-0.0137651	lidar	0	-4.61223	2.09192	-4.47352	2.21205	-1.88436	-4.83149
1477010456250000	-4.65438	1.93458	5.32437	4.33449	-0.0442901	radar	0	-4.29257	1.92854	-4.56836	1.97072	-1.90853	-4.81994
1477010456300000	-4.77282	1.65285	5.42813	4.33086	-0.0444032	lidar	0	-4.86829	1.53442	-4.66444	1.72998	-1.93422	-4.80751
1477010456350000	-4.89873	1.39504	5.48294	4.31647	-0.062408	radar	0	-4.98165	1.43611	-4.76186	1.48989	-1.9614	-4.79417
1477010456400000	-4.95228	1.17514	5.34723	4.32294	-0.056074	lidar	0	-4.66779	1.28643	-4.86066	1.25049	-1.99007	-4.7799
1477010456450000	-5.04576	0.967083	5.24567	4.31705	-0.0601125	radar	0	-4.98594	1.10894	-4.96095	1.01182	-2.02019	-4.76468
1477010456500000	-5.10249	0.746565	5.14905	4.32244	-0.0545297	lidar	0	-4.85498	0.825661	-5.06277	0.77393	-2.05174	-4.74848
1477010456550000	-5.2028	0.436056	5.34304	4.32665	-0.0499292	radar	0	-4.84736	0.18101	-5.16621	0.536876	-2.08471	-4.73127
1477010456600000	-5.27612	0.202409	5.2846	4.32902	-0.0467934	lidar	0	-5.1231	0.257311	-5.27133	0.300706	-2.11906	-4.71303
1477010456650000	-5.38603	-0.0268704	5.22374	4.32593	-0.0421134	radar	0	-5.99809	-0.290765	-5.3782	0.0654719	-2.15477	-4.69374
1477010456700000	-5.45654	-0.257028	5.17286	4.3291	-0.0384779	lidar	0	-5.29972	-0.212982	-5.4869	-0.168772	-2.1918	-4.67335
1477010456750000	-5.57323	-0.434564	5.08259	4.30763	-0.0633987	radar	0	-5.64447	-0.144522	-5.59748	-0.401971	-2.23014	-4.65185
1477010456800000	-5.70509	-0.613815	4.99473	4.28589	-0.0833185	lidar	0	-5.85359	-0.445801	-5.71001	-0.634069	-2.26974	-4.62919
1477010456850000	-5.81908	-0.858368	5.14876	4.27305	-0.101344	radar	0	-5.30947	-0.724468	-5.82456	-0.865006	-2.31058	-4.60536
1477010456900000	-5.91794	-1.13148	5.22226	4.27905	-0.0886519	lidar	0	-5.87835	-1.26863	-5.94118	-1.09472	-2.35262	-4.58032
1477010456950000	-6.00905	-1.40474	5.28996	4.28655	-0.076205	radar	0	-5.68069	-1.52871	-6.05993	-1.32316	-2.39581	-4.55404
1477010457000000	-6.14639	-1.6122	5.24562	4.26829	-0.0915696	lidar	0	-6.27263	-1.50938	-6.18087	-1.55025	-2.44014	-4.52648
1477010457050000	-6.28563	-1.87069	5.44898	4.25215	-0.111441	radar	0	-6.11355	-1.75966	-6.30406	-1.77593	-2.48555	-4.49762
1477010457100000	-6.39549	-2.121	5.45304	4.2512	-0.106748	lidar	0	-6.34007	-2.13685	-6.42954	-2.00014	-2.532	-4.46742
1477010457150000	-6.54269	-2.32602	5.3736	4.2318	-0.120742	radar	0	-6.99344	-2.17445	-6.55738	-2.22281	-2.57946	-4.43585
1477010457200000	-6.69213	-2.53388	5.33599	4.21235	-0.135173	lidar	0	-6.79288	-2.4458	-6.68761	-2.44386	-2.62788	-4.40288
1477010457250000	-6.84431	-2.75386	5.34979	4.19502	-0.147112	radar	0	-7.14408	-2.67584	-6.82029	-2.66323	-2.6772	-4.36847
1477010457300000	-6.94302	-3.01746	5.38072	4.2043	-0.129555	lidar	0	-6.8003	-3.10086	-6.95546	-2.88084	-2.7274	-4.3326
1477010457350000	-7.07107	-3.23919	5.31134	4.19769	-0.128246	radar	0	-7.13937	-3.22028	-7.09316	-3.09663	-2.7784	-4.29523
1477010457400000	-7.19571	-3.42627	5.23126	4.18305	-0.138588	lidar	0	-7.12118	-3.26434	-7.23344	-3.3105	-2.83017	-4.25632
1477010457450000	-7.34236	-3.6784	5.2864	4.17854	-0.134726	radar	0	-7.77186	-4.08999	-7.37632	-3.5224	-2.88265	-4.21586
1477010457500000	-7.4962	-3.81035	5.1426	4.14439	-0.165903	lidar	0	-7.49009	-3.49081	-7.52184	-3.73223	-2.93579	-4.1738
1477010457550000	-7.6389	-4.02421	5.18301	4.13328	-0.170204	radar	0	-7.52393	-3.88213	-7.67004	-3.93992	-2.98953	-4.13012
1477010457600000	-7.79691	-4.24941	5.20982	4.12262	-0.171792	lidar	0	-7.88049	-4.29783	-7.82094	-4.14538	-3.04381	-4.08479
1477010457650000	-7.94722	-4.47008	5.21659	4.11404	-0.17139	radar	0	-8.08524	-4.57834	-7.97457	-4.34854	-3.09857	-4.03778
1477010457700000	-8.1136	-4.70516	5.26358	4.10518	-0.170714	lidar	0	-8.22492	-4.79812	-8.13095	-4.5493	-3.15376	-3.98906
1477010457750000	-8.2543	-4.8997	5.09769	4.09754	-0.16698	radar	0	-8.453	-4.95621	-8.2901	-4.74759	-3.2093	-3.93862
1477010457800000	-8.38975	-5.11003	5.09139	4.0933	-0.162924	lidar	0	-8.33552	-5.1059	-8.45204	-4.94331	-3.26514	-3.88641
1477010457850000	-8.53552	-5.27028	4.94473	4.07606	-0.171532	radar	0	-8.55062	-4.79248	-8.61678	-5.13637	-3.32121	-3.83242
1477010457900000	-8.72402	-5.46856	4.98127	4.05612	-0.182402	lidar	0	-8.91477	-5.51752	-8.78433	-5.32669	-3.37745	-3.77663
1477010457950000	-8.88421	-5.66469	4.98575	4.04484	-0.184459	radar	0	-9.04115	-5.69364	-8.95469	-5.51417	-3.43377	-3.71901
1477010458000000	-9.0411	-5.84665	4.96906	4.03178	-0.188605	lidar	0	-9.03391	-5.80267	-9.12788	-5.69872	-3.49012	-3.65955
1477010458050000	-9.17961	-5.99635	4.82831	4.01757	-0.193381	radar	0	-8.86897	-5.41973	-9.30388	-5.88026	-3.54643	-3.59823
1477010458100000	-9.34806	-6.09906	4.72853	3.98284	-0.220121	lidar	0	-9.30811	-5.82368	-9.4827	-6.05868	-3.60261	-3.53503
1477010458150000	-9.52447	-6.28497	4.79565	3.96923	-0.222826	radar	0	-9.80646	-6.41174	-9.66432	-6.23389	-3.6586	-3.46994
1477010458200000	-9.67059	-6.48674	4.8131	3.96984	-0.210791	lidar	0	-9.62547	-6.55958	-9.84874	-6.4058	-3.71431	-3.40295
1477010458250000	-9.88866	-6.65974	4.96499	3.94213	-0.228847	radar	0	-10.6688	-6.35543	-10.0359	-6.57431	-3.76969	-3.33404
1477010458300000	-10.0938	-6.82752	4.98593	3.91948	-0.239789	lidar	0	-10.2246	-6.83402	-10.2259	-6.73933	-3.82463	-3.26321
1477010458350000	-10.2771	-6.99348	5.02148	3.90367	-0.244161	radar	0	-10.2205	-6.71044	-10.4186	-6.90075	-3.87907	-3.19046
1477010458400000	-10.5115	-7.17849	5.09381	3.88108	-0.253648	lidar	0	-10.7616	-7.29159	-10.614	-7.05849	-3.93293	-3.11577
1477010458450000	-10.7127	-7.32655	5.0919	3.85872	-0.263606	radar	0	-10.8944	-6.83335	-10.8121	-7.21245	-3.98613	-3.03916
1477010458500000	-10.9634	-7.49241	5.15774	3.83025	-0.278093	lidar	0	-11.2219	-7.56979	-11.0128	-7.36252	-4.03859	-2.96062
1477010458550000	-11.1475	-7.63396	5.05561	3.81443	-0.280072	radar	0	-10.986	-7.3707	-11.2161	-7.50862	-4.09021	-2.88015
1477010458600000	-11.3026	-7.77818	4.99073	3.80803	-0.273217	lidar	0	-11.0934	-7.6776	-11.422	-7.65064	-4.14093	-2.79777
1477010458650000	-11.4937	-7.90832	4.93898	3.78907	-0.278707	radar	0	-11.4213	-7.46085	-11.6304	-7.78849	-4.19066	-2.71349
1477010458700000	-11.673	-8.00899	4.8667	3.76564	-0.288829	lidar	0	-11.5269	-7.8215	-11.8413	-7.92208	-4.23932	-2.6273
1477010458750000	-11.8595	-8.12556	4.73026	3.7464	-0.293632	radar	0	-11.9422	-7.88317	-12.0546	-8.05131	-4.28682	-2.53924
1477010458800000	-12.0723	-8.21509	4.70891	3.71417	-0.311107	lidar	0	-12.09	-8.08828	-12.2702	-8.17609	-4.33309	-2.44932
1477010458850000	-12.3011	-8.35026	4.91113	3.69542	-0.313938	radar	0	-12.4462	-8.02117	-12.4881	-8.29633	-4.37802	-2.35756
1477010458900000	-12.5066	-8.43015	4.86109	3.66568	-0.328155	lidar	0	-12.4231	-8.2599	-12.7082	-8.41193	-4.42156	-2.26399
1477010458950000	-12.7032	-8.52371	4.72077	3.6432	-0.334642	radar	0	-12.7461	-8.19449	-12.9304	-8.5228	-4.4636	-2.16863
1477010459000000	-12.9859	-8.61466	4.80597	3.60308	-0.356882	lidar	0	-13.2911	-8.64594	-13.1547	-8.62886	-4.50407	-2.07151
1477010459050000	-13.2348	-8.72238	4.92124	3.57991	-0.361429	radar	0	-13.7929	-8.47158	-13.381	-8.73002	-4.54289	-1.97267
1477010459100000	-13.459	-8.76817	4.87801	3.54287	-0.380309	lidar	0	-13.384	-8.57583	-13.6092	-8.82619	-4.57997	-1.87214
1477010459150000	-13.6601	-8.82343	4.6876	3.51367	-0.391724	radar	0	-13.6376	-8.26344	-13.8392	-8.91729	-4.61524	-1.76997
1477010459200000	-13.8969	-8.9204	4.72373	3.49538	-0.39021	lidar	0	-13.9959	-8.99264	-14.0709	-9.00324	-4.64861	-1.6662
1477010459250000	-14.1546	-9.01271	4.92539	3.47636	-0.388069	radar	0	-14.4737	-8.79552	-14.3043	-9.08395	-4.68001	-1.56086
1477010459300000	-14.3896	-9.11276	4.94112	3.46417	-0.380944	lidar	0	-14.4273	-9.1875	-14.5391	-9.15936	-4.70936	-1.45402
1477010459350000	-14.6151	-9.18677	4.876	3.44498	-0.381712	radar	0	-14.5757	-9.32634	-14.7754	-9.22939	-4.73658	-1.34573
1477010459400000	-14.9043	-9.1896	4.92784	3.39233	-0.41411	lidar	0	-15.062	-9.04396	-15.013	-9.29397	-4.76161	-1.23603
1477010459450000	-15.1641	-9.2638	4.96427	3.37379	-0.411892	radar	0	-15.6189	-9.69365	-15.2517	-9.35302	-4.78436	-1.125
1477010459500000	-15.4417	-9.36515	5.04207	3.3646	-0.400497	lidar	0	-15.6682	-9.56749	-15.4916	-9.40649	-4.80476	-1.01269
1477010459550000	-15.6759	-9.40329	4.89425	3.3375	-0.409491	radar	0	-15.9382	-9.35751	-15.7324	-9.45431	-4.82275	-0.899159
1477010459600000	-15.9399	-9.47609	4.9429	3.32383	-0.402758	lidar	0	-16.0862	-9.59819	-15.9741	-9.49642	-4.83827	-0.784484
1477010459650000	-16.1846	-9.49546	4.87962	3.29344	-0.413786	radar	0	-16.6033	-8.85459	-16.2164	-9.53277	-4.85124	-0.668734
1477010459700000	-16.4359	-9.48811	4.88442	3.25625	-0.429719	lidar	0	-16.4229	-9.37029	-16.4594	-9.5633	-4.8616	-0.55198
1477010459750000	-16.6439	-9.49912	4.78008	3.23214	-0.433306	radar	0	-16.011	-9.33486	-16.7027	-9.58797	-4.8693	-0.434301
1477010459800000	-16.9328	-9.47982	4.85886	3.19079	-0.452162	lidar	0	-17.1132	-9.43043	-16.9464	-9.60673	-4.87427	-0.315773
1477010459850000	-17.1898	-9.53149	4.95158	3.18495	-0.434308	radar	0	-16.9255	-10.8571	-17.1903	-9.61954	-4.87646	-0.196479
1477010459900000	-17.4556	-9.54181	4.98375	3.16242	-0.435079	lidar	0	-17.5448	-9.57485	-17.4342	-9.62636	-4.87583	-0.0765024
1477010459950000	-17.7099	-9.53739	4.93915	3.1356	-0.441465	radar	0	-18.1371	-9.39146	-17.6781	-9.62717	-4.87232	0.0440703
1477010460000000	-17.9668	-9.50232	4.95695	3.10127	-0.453239	lidar	0	-17.9724	-9.42299	-17.9216	-9.62194	-4.86588	0.165151
1477010460050000	-18.204	-9.47582	4.88091	3.07167	-0.461797	radar	0	-18.3083	-9.18778	-18.1648	-9.61064	-4.85648	0.286648
1477010460100000	-18.4043	-9.50893	4.80101	3.07095	-0.44029	lidar	0	-18.2763	-9.60997	-18.4074	-9.59325	-4.84408	0.40847
1477010460150000	-18.6417	-9.49495	4.86063	3.05384	-0.433557	radar	0	-18.2443	-9.58547	-18.6493	-9.56977	-4.82864	0.530522
1477010460200000	-18.894	-9.47854	4.87802	3.03455	-0.431303	lidar	0	-18.9545	-9.51544	-18.8904	-9.54017	-4.81012	0.652707
1477010460250000	-19.1242	-9.4406	4.90116	3.01183	-0.430884	radar	0	-18.6983	-9.02886	-19.1305	-9.50447	-4.78851	0.774927
1477010460300000	-19.3733	-9.32537	4.93275	2.9598	-0.460073	lidar	0	-19.2983	-9.09865	-19.3694	-9.46265	-4.76378	0.897083
1477010460350000	-19.6011	-9.26031	4.84765	2.92707	-0.472103	radar	0	-19.7037	-8.79906	-19.6069	-9.41472	-4.73591	1.01907
1477010460400000	-19.859	-9.136	4.91108	2.87711	-0.497381	lidar	0	-19.8731	-8.96417	-19.8431	-9.36071	-4.70487	1.1408
1477010460450000	-20.0954	-9.0399	4.92049	2.84122	-0.508128	radar	0	-20.3815	-7.6755	-20.0775	-9.30061	-4.67066	1.26215
1477010460500000	-20.2589	-9.15346	4.70442	2.88538	-0.441423	lidar	0	-20.1607	-9.59663	-20.3102	-9.23446	-4.63328	1.38303
1477010460550000	-20.4998	-9.10826	4.7624	2.87204	-0.431415	radar	0	-20.4587	-9.7448	-20.5409	-9.16227	-4.59271	1.50334
1477010460600000	-20.7235	-9.0104	4.77092	2.83857	-0.442724	lidar	0	-20.6596	-8.91527	-20.7696	-9.08409	-4.54895	1.62296
1477010460650000	-20.9668	-8.93088	4.78882	2.81396	-0.445955	radar	0	-21.5568	-8.5005	-20.9959	-8.99994	-4.50202	1.74179
1477010460700000	-21.1609	-8.86148	4.72785	2.79429	-0.443151	lidar	0	-21.0195	-8.85081	-21.2198	-8.90987	-4.45191	1.85972
1477010460750000	-21.3941	-8.77723	4.7256	2.77075	-0.445821	radar	0	-21.8628	-8.64129	-21.4412	-8.81393	-4.39865	1.97666
1477010460800000	-21.5824	-8.74825	4.63217	2.76856	-0.426347	lidar	0	-21.5029	-8.87191	-21.6597	-8.71217	-4.34224	2.0925
1477010460850000	-21.7658	-8.63047	4.48371	2.72702	-0.451318	radar	0	-21.9514	-7.41274	-21.8754	-8.60465	-4.2827	2.20712
1477010460900000	-21.9695	-8.54677	4.47662	2.70772	-0.448204	lidar	0	-21.9793	-8.57089	-22.0881	-8.49143	-4.22007	2.32043
1477010460950000	-22.1803	-8.44018	4.55691	2.68597	-0.444504	radar	0	-22.1914	-7.70392	-22.2975	-8.37258	-4.15437	2.43232
1477010461000000	-22.4183	-8.33068	4.62125	2.66402	-0.444683	lidar	0	-22.5838	-8.35296	-22.5035	-8.24817	-4.08564	2.5427
1477010461050000	-22.6057	-8.22462	4.56194	2.6391	-0.448864	radar	0	-22.3177	-8.57758	-22.7061	-8.11829	-4.01391	2.65145
1477010461100000	-22.8607	-7.97366	4.78255	2.57216	-0.491819	lidar	0	-22.9861	-7.6724	-22.9049	-7.98301	-3.93923	2.75848
1477010461150000	-23.0459	-7.84001	4.65892	2.53631	-0.510192	radar	0	-23.2693	-8.32031	-23.1	-7.84243	-3.86163	2.8637
1477010461200000	-23.2852	-7.65052	4.79666	2.49746	-0.523406	lidar	0	-23.4777	-7.56583	-23.2911	-7.69663	-3.78118	2.967
1477010461250000	-23.4862	-7.50235	4.87099	2.47742	-0.51309	radar	0	-23.473	-7.02103	-23.4781	-7.54572	-3.69792	3.06828
1477010461300000	-23.6519	-7.36012	4.82103	2.45205	-0.512551	lidar	0	-23.5408	-7.36069	-23.6609	-7.3898	-3.61191	3.16746
1477010461350000	-23.8438	-7.19612	4.85666	2.42612	-0.511802	radar	0	-24.0505	-6.56968	-23.8393	-7.22897	-3.52321	3.26445
1477010461400000	-23.9985	-7.1088	4.7217	2.42055	-0.492687	lidar	0	-23.9384	-7.26171	-24.0132	-7.06336	-3.43189	3.35916
1477010461450000	-24.166	-6.93231	4.7038	2.38576	-0.504904	radar	0	-24.3577	-5.94086	-24.1825	-6.89307	-3.33801	3.45149
1477010461500000	-24.338	-6.66878	4.84337	2.32986	-0.533784	lidar	0	-24.2574	-6.4352	-24.347	-6.71823	-3.24166	3.54138
1477010461550000	-24.5033	-6.49772	4.78962	2.29994	-0.54198	radar	0	-24.788	-7.18367	-24.5066	-6.53896	-3.14289	3.62873
1477010461600000	-24.5944	-6.3718	4.61661	2.27689	-0.537346	lidar	0	-24.3008	-6.43799	-24.6612	-6.35538	-3.0418	3.71347
1477010461650000	-24.7331	-6.18993	4.60466	2.24632	-0.541455	radar	0	-24.6108	-6.00878	-24.8107	-6.16764	-2.93846	3.79553
1477010461700000	-24.9233	-5.96787	4.7335	2.21777	-0.543484	lidar	0	-25.146	-5.91902	-24.955	-5.97587	-2.83295	3.87484
1477010461750000	-25.0536	-5.76464	4.74278	2.18543	-0.54793	radar	0	-24.8975	-5.02285	-25.094	-5.7802	-2.72537	3.95132
1477010461800000	-25.1854	-5.5927	4.70173	2.16384	-0.542458	lidar	0	-25.1941	-5.64372	-25.2276	-5.58079	-2.61581	4.02492
1477010461850000	-25.3377	-5.40159	4.75858	2.1491	-0.525784	radar	0	-25.5328	-5.4399	-25.3556	-5.37777	-2.50435	4.09557
1477010461900000	-25.4861	-5.16469	4.84564	2.1188	-0.529856	lidar	0	-25.5713	-5.10241	-25.4779	-5.1713	-2.39109	4.16322
1477010461950000	-25.615	-4.98486	4.84675	2.10801	-0.507805	radar	0	-25.0178	-6.55904	-25.5946	-4.96152	-2.27613	4.22781
1477010462000000	-25.7249	-4.8174	4.75928	2.08969	-0.50097	lidar	0	-25.6952	-4.89995	-25.7055	-4.7486	-2.15956	4.2893
1477010462050000	-25.8467	-4.60756	4.78815	2.06894	-0.493983	radar	0	-25.8162	-4.40681	-25.8105	-4.53268	-2.04149	4.34764
1477010462100000	-25.9617	-4.35359	4.86847	2.03587	-0.501987	lidar	0	-25.9516	-4.26659	-25.9096	-4.31392	-1.92202	4.40279
1477010462150000	-26.0728	-4.13551	4.8139	2.00101	-0.522653	radar	0	-26.8953	-4.43966	-26.0027	-4.0925	-1.80125	4.45471
1477010462200000	-26.1695	-3.83813	4.95805	1.95909	-0.537649	lidar	0	-26.1198	-3.67723	-26.0897	-3.86856	-1.67928	4.50337
1477010462250000	-26.2447	-3.60392	4.90488	1.91636	-0.563819	radar	0	-26.5652	-3.85723	-26.1706	-3.64227	-1.55623	4.54875
1477010462300000	-26.2763	-3.3392	4.92603	1.86913	-0.580904	lidar	0	-25.9974	-3.24722	-26.2453	-3.41381	-1.4322	4.59081
1477010462350000	-26.3261	-3.0953	4.90554	1.82686	-0.600131	radar	0	-26.2976	-3.01078	-26.3138	-3.18332	-1.30729	4.62954
1477010462400000	-26.3512	-2.86918	4.8558	1.78934	-0.606674	lidar	0	-26.1741	-2.87885	-26.376	-2.95098	-1.18162	4.66493
1477010462450000	-26.4064	-2.64408	4.83505	1.76299	-0.602655	radar	0	-26.4681	-3.44967	-26.4319	-2.71697	-1.05529	4.69696
1477010462500000	-26.4775	-2.51373	4.63119	1.75522	-0.582537	lidar	0	-26.674	-2.73852	-26.4815	-2.48143	-0.928411	4.72562
1477010462550000	-26.5304	-2.28002	4.65822	1.73318	-0.572163	radar	0	-26.657	-1.72382	-26.5247	-2.24456	-0.80109	4.75091
1477010462600000	-26.5788	-2.08989	4.58162	1.71319	-0.564434	lidar	0	-26.6691	-2.17333	-26.5616	-2.0065	-0.673434	4.77284
1477010462650000	-26.608	-1.85693	4.60093	1.68923	-0.55518	radar	0	-26.3248	-1.32261	-26.5921	-1.76744	-0.545553	4.79141
1477010462700000	-26.608	-1.59769	4.65463	1.65131	-0.56428	lidar	0	-26.4671	-1.53207	-26.6161	-1.52753	-0.417552	4.80664
1477010462750000	-26.6063	-1.37464	4.62464	1.613	-0.579423	radar	0	-26.4998	-2.19526	-26.6338	-1.28695	-0.289538	4.81852
1477010462800000	-26.6107	-1.14344	4.62427	1.58339	-0.579989	lidar	0	-26.5998	-1.14277	-26.6451	-1.04586	-0.161616	4.8271
1477010462850000	-26.638	-0.924424	4.60606	1.56505	-0.569261	radar	0	-27.2008	-1.67679	-26.65	-0.804425	-0.0338883	4.83238
1477010462900000	-26.6495	-0.659874	4.68498	1.54027	-0.565904	lidar	0	-26.7355	-0.59539	-26.6485	-0.562811	0.0935412	4.83439
1477010462950000	-26.6382	-0.416096	4.71107	1.50554	-0.578282	radar	0	-26.9891	0.0351487	-26.6406	-0.321181	0.220572	4.83317
1477010463000000	-26.595	-0.0990571	4.88712	1.46682	-0.5867	lidar	0	-26.4553	0.0602653	-26.6264	-0.0796947	0.347104	4.82874
1477010463050000	-26.5749	0.145028	4.89577	1.43775	-0.589504	radar	0	-26.9537	0.136943	-26.6059	0.161489	0.473041	4.82116
1477010463100000	-26.5509	0.452042	5.03785	1.41228	-0.585562	lidar	0	-26.6201	0.57588	-26.5792	0.402213	0.598287	4.81045
1477010463150000	-26.5362	0.692621	5.00809	1.39791	-0.565651	radar	0	-26.8241	0.381506	-26.5462	0.642323	0.722748	4.79667
1477010463200000	-26.5258	0.979178	5.09369	1.38214	-0.554382	lidar	0	-26.7293	1.06082	-26.5069	0.881666	0.846334	4.77986
1477010463250000	-26.4858	1.24637	5.10718	1.36887	-0.529053	radar	0	-25.9562	2.60409	-26.4616	1.12009	0.968955	4.76007
1477010463300000	-26.427	1.47082	5.05391	1.34001	-0.531348	lidar	0	-26.3986	1.42212	-26.4101	1.35745	1.09053	4.73737
1477010463350000	-26.3884	1.68097	4.95624	1.32442	-0.514983	radar	0	-26.5072	-0.563928	-26.3526	1.59361	1.21096	4.71181
1477010463400000	-26.332	1.87645	4.85976	1.29829	-0.515684	lidar	0	-26.3594	1.79315	-26.2891	1.82841	1.33018	4.68345
1477010463450000	-26.2657	2.10548	4.85144	1.27259	-0.516026	radar	0	-26.3475	1.82827	-26.2197	2.06173	1.44811	4.65235
1477010463500000	-26.2033	2.28369	4.73497	1.24645	-0.516818	lidar	0	-26.2502	2.18481	-26.1444	2.29342	1.56467	4.61859
1477010463550000	-26.1408	2.50103	4.68745	1.23124	-0.499616	radar	0	-26.069	2.27896	-26.0633	2.52336	1.67979	4.58223
1477010463600000	-26.0589	2.75005	4.74938	1.20856	-0.497283	lidar	0	-26.0641	2.80701	-25.9765	2.75141	1.79339	4.54334
1477010463650000	-25.9676	2.97419	4.7892	1.17617	-0.511981	radar	0	-26.3234	3.02388	-25.8841	2.97746	1.90543	4.502
1477010463700000	-25.8613	3.2712	4.95615	1.15546	-0.506713	lidar	0	-25.8345	3.42005	-25.7861	3.20139	2.01582	4.45828
1477010463750000	-25.7786	3.50138	4.95112	1.13743	-0.499386	radar	0	-26.1824	3.73376	-25.6826	3.42306	2.12452	4.41227
1477010463800000	-25.6737	3.69475	4.88863	1.10922	-0.502658	lidar	0	-25.6666	3.63509	-25.5737	3.64239	2.23146	4.36404
1477010463850000	-25.5589	3.89985	4.86828	1.08099	-0.506165	radar	0	-25.5773	3.13316	-25.4596	3.85924	2.3366	4.31367
1477010463900000	-25.4942	4.06558	4.73627	1.06409	-0.499763	lidar	0	-25.7492	3.99968	-25.3402	4.07353	2.43989	4.26125
1477010463950000	-25.3731	4.26284	4.72418	1.03649	-0.50254	radar	0	-25.3516	3.75691	-25.2157	4.28514	2.54127	4.20686
1477010464000000	-25.2116	4.49358	4.8114	1.00494	-0.507469	lidar	0	-25.0214	4.52803	-25.0863	4.49399	2.64071	4.15058
1477010464050000	-25.0623	4.68444	4.76754	0.97779	-0.502737	radar	0	-24.2719	4.30917	-24.9518	4.69998	2.73817	4.09251
1477010464100000	-24.9443	4.87776	4.74748	0.957016	-0.499073	lidar	0	-25.0363	4.88499	-24.8126	4.90303	2.83361	4.03273
1477010464150000	-24.7896	5.06639	4.7478	0.927903	-0.50166	radar	0	-24.3609	4.95947	-24.6686	5.10304	2.92701	3.97132
1477010464200000	-24.6182	5.29233	4.84353	0.902894	-0.500582	lidar	0	-24.5041	5.35293	-24.5201	5.29995	3.01833	3.90839
1477010464250000	-24.447	5.47707	4.89919	0.867218	-0.516117	radar	0	-24.4379	5.24592	-24.367	5.49367	3.10754	3.84401
1477010464300000	-24.2604	5.65296	4.90952	0.832862	-0.523587	lidar	0	-24.1159	5.61152	-24.2095	5.68414	3.19464	3.77827
1477010464350000	-24.0954	5.81674	4.91187	0.800612	-0.53349	radar	0	-24.5638	4.75836	-24.0477	5.8713	3.27959	3.71127
1477010464400000	-23.9233	5.97606	4.8853	0.770825	-0.536596	lidar	0	-23.9153	5.94377	-23.8818	6.05508	3.36239	3.64309
1477010464450000	-23.7808	6.14583	4.72627	0.763263	-0.506181	radar	0	-23.5491	6.44495	-23.7117	6.23542	3.44302	3.57383
1477010464500000	-23.6155	6.30014	4.70633	0.737957	-0.506458	lidar	0	-23.6471	6.29102	-23.5377	6.41227	3.52148	3.50357
1477010464550000	-23.4694	6.45866	4.62123	0.72431	-0.490942	radar	0	-23.7544	6.53746	-23.3598	6.58559	3.59775	3.4324
1477010464600000	-23.2342	6.7025	4.84335	0.710458	-0.478233	lidar	0	-23.0099	6.86182	-23.1781	6.75533	3.67185	3.36041
1477010464650000	-23.0427	6.83686	4.78434	0.682238	-0.47888	radar	0	-22.7862	5.74143	-22.9928	6.92146	3.74376	3.28768
1477010464700000	-22.8247	7.01767	4.87341	0.660567	-0.475592	lidar	0	-22.6991	7.063	-22.804	7.08393	3.8135	3.21431
1477010464750000	-22.6139	7.15532	4.90026	0.629149	-0.484217	radar	0	-22.418	6.76159	-22.6117	7.24273	3.88106	3.14038
1477010464800000	-22.4296	7.29765	4.88037	0.608108	-0.481684	lidar	0	-22.5083	7.31524	-22.4161	7.39782	3.94647	3.06598
1477010464850000	-22.1971	7.4395	5.0222	0.572969	-0.499335	radar	0	-22.0543	7.85452	-22.2173	7.54917	4.00974	2.99118
1477010464900000	-22.0147	7.59864	5.0157	0.561062	-0.487778	lidar	0	-22.1947	7.69478	-22.0154	7.69679	4.07087	2.91607
1477010464950000	-21.8321	7.75968	4.91606	0.557827	-0.460306	radar	0	-21.6178	9.0351	-21.8105	7.84064	4.12989	2.84074
1477010465000000	-21.6237	7.90203	4.93343	0.539448	-0.455912	lidar	0	-21.6473	7.94	-21.6026	7.98072	4.18681	2.76526
1477010465050000	-21.4376	8.02661	4.85585	0.523745	-0.446784	radar	0	-21.8637	7.78661	-21.392	8.11703	4.24166	2.68971
1477010465100000	-21.2197	8.05966	4.75582	0.473733	-0.47293	lidar	0	-21.0853	7.83229	-21.1787	8.24957	4.29447	2.61417
1477010465150000	-21.0348	8.19023	4.60912	0.469555	-0.445671	radar	0	-20.5503	9.28616	-20.9628	8.37833	4.34526	2.53871
1477010465200000	-20.8554	8.34314	4.62811	0.46749	-0.427308	lidar	0	-21.0519	8.50983	-20.7444	8.50333	4.39406	2.46341
1477010465250000	-20.6127	8.45968	4.75948	0.442278	-0.434212	radar	0	-19.9265	9.40847	-20.5237	8.62457	4.4409	2.38835
1477010465300000	-20.3547	8.60886	4.88079	0.431032	-0.422995	lidar	0	-20.21	8.68914	-20.3006	8.74206	4.48582	2.31358
1477010465350000	-20.1648	8.72043	4.734	0.424793	-0.401722	radar	0	-20.2277	8.8532	-20.0753	8.85583	4.52884	2.23919
1477010465400000	-19.9663	8.82347	4.7137	0.409486	-0.397738	lidar	0	-20.0633	8.86724	-19.848	8.96589	4.57001	2.16524
1477010465450000	-19.7781	8.91959	4.58104	0.399914	-0.382374	radar	0	-19.9264	8.78179	-19.6186	9.07227	4.60937	2.09179
1477010465500000	-19.5542	9.00063	4.59461	0.377226	-0.385374	lidar	0	-19.4861	8.96665	-19.3873	9.17499	4.64694	2.01891
1477010465550000	-19.3158	9.10463	4.67602	0.361467	-0.382702	radar	0	-18.5719	10.2069	-19.1542	9.27409	4.68278	1.94666
1477010465600000	-19.0173	9.21507	4.83518	0.344052	-0.378844	lidar	0	-18.6786	9.19191	-18.9193	9.36959	4.71692	1.8751
1477010465650000	-18.8068	9.29075	4.79753	0.325874	-0.378309	radar	0	-19.2825	8.98189	-18.6827	9.46154	4.7494	1.80429
1477010465700000	-18.5425	9.40511	4.89517	0.31725	-0.367619	lidar	0	-18.4242	9.46852	-18.4446	9.54996	4.78028	1.73429
1477010465750000	-18.2741	9.44878	5.02789	0.278947	-0.392313	radar	0	-18.1634	8.72444	-18.2049	9.63492	4.80959	1.66514
1477010465800000	-17.9673	9.59252	5.20447	0.280815	-0.370362	lidar	0	-17.7736	9.72478	-17.9639	9.71643	4.83737	1.59691
1477010465850000	-17.7249	9.68069	5.10367	0.275453	-0.350946	radar	0	-17.2296	9.97767	-17.7214	9.79457	4.86368	1.52964
1477010465900000	-17.4428	9.79516	5.20503	0.27173	-0.337018	lidar	0	-17.3436	9.88109	-17.4777	9.86936	4.88856	1.46338
1477010465950000	-17.195	9.87393	5.19996	0.259455	-0.332207	radar	0	-17.1554	10.212	-17.2328	9.94087	4.91205	1.39818
1477010466000000	-16.917	10.0005	5.29571	0.262638	-0.313066	lidar	0	-16.8876	10.145	-16.9868	10.0091	4.93421	1.33408
1477010466050000	-16.662	10.0704	5.2818	0.249033	-0.310079	radar	0	-16.5958	10.1078	-16.7396	10.0743	4.95507	1.27113
1477010466100000	-16.4147	10.174	5.29805	0.247919	-0.296966	lidar	0	-16.5153	10.3091	-16.4915	10.1362	4.97469	1.20937
1477010466150000	-16.1563	10.2465	5.31367	0.235807	-0.294837	radar	0	-16.09	10.5824	-16.2424	10.1952	4.99311	1.14883
1477010466200000	-15.9297	10.2647	5.22493	0.208355	-0.307412	lidar	0	-16.006	10.1843	-15.9924	10.2511	5.01039	1.08956
1477010466250000	-15.6855	10.3258	5.16945	0.198903	-0.299284	radar	0	-15.7234	10.41	-15.7416	10.3041	5.02655	1.03159
1477010466300000	-15.4756	10.3144	5.04844	0.165148	-0.317833	lidar	0	-15.5699	10.1904	-15.4899	10.3543	5.04166	0.974957
1477010466350000	-15.1676	10.3553	5.26685	0.14184	-0.330381	radar	0	-14.2385	10.9109	-15.2376	10.4016	5.05576	0.919692
1477010466400000	-14.9067	10.4099	5.27932	0.131913	-0.324212	lidar	0	-14.9365	10.4722	-14.9846	10.4462	5.06889	0.865828
1477010466450000	-14.6728	10.4344	5.08982	0.120748	-0.31124	radar	0	-14.724	9.63507	-14.7309	10.4882	5.0811	0.813394
1477010466500000	-14.4368	10.4014	5.02391	0.0843751	-0.331181	lidar	0	-14.4088	10.222	-14.4766	10.5276	5.09243	0.762418
1477010466550000	-14.1778	10.4238	5.03301	0.0691563	-0.329187	radar	0	-13.9005	10.5238	-14.2218	10.5645	5.10293	0.712926
1477010466600000	-13.8612	10.5758	5.21924	0.0993327	-0.283481	lidar	0	-13.8049	10.9383	-13.9665	10.5989	5.11263	0.664944
1477010466650000	-13.6163	10.6242	5.0934	0.0999325	-0.262188	radar	0	-13.3956	10.7857	-13.7107	10.631	5.12159	0.618496
1477010466700000	-13.3689	10.6245	5.07099	0.0786672	-0.270013	lidar	0	-13.3556	10.5517	-13.4545	10.6608	5.12983	0.573603
1477010466750000	-13.1089	10.6474	5.09257	0.0664345	-0.269016	radar	0	-12.9374	10.8137	-13.1979	10.6884	5.13741	0.530288
1477010466800000	-12.8507	10.7401	5.13521	0.0799018	-0.2436	lidar	0	-12.9591	11.0099	-12.9409	10.7138	5.14436	0.48857
1477010466850000	-12.5918	10.7843	5.10831	0.0791421	-0.229635	radar	0	-12.2518	11.2495	-12.6836	10.7373	5.15071	0.448467
1477010466900000	-12.3606	10.7533	5.0429	0.050118	-0.246644	lidar	0	-12.3713	10.6091	-12.426	10.7587	5.15651	0.409997
1477010466950000	-12.1138	10.7798	4.98068	0.0464298	-0.234645	radar	0	-11.9352	10.9161	-12.1681	10.7783	5.16179	0.373177
1477010467000000	-11.8627	10.846	5.00815	0.0542464	-0.216286	lidar	0	-11.9451	11.0515	-11.91	10.7961	5.16658	0.338022
1477010467050000	-11.5893	10.8642	5.04292	0.0466223	-0.211877	radar	0	-10.9703	10.9676	-11.6516	10.8121	5.17092	0.304546
1477010467100000	-11.3599	10.8809	5.00319	0.0377236	-0.210798	lidar	0	-11.4548	10.9407	-11.393	10.8265	5.17484	0.272761
1477010467150000	-11.0826	10.8352	5.24003	-0.0040165	-0.254189	radar	0	-11.3472	10.5111	-11.1342	10.8394	5.17836	0.242681
1477010467200000	-10.78	10.8155	5.31149	-0.0217032	-0.257915	lidar	0	-10.6009	10.6823	-10.8753	10.8509	5.18153	0.214317
1477010467250000	-10.5244	10.8133	5.27434	-0.0318783	-0.254161	radar	0	-10.6563	10.8369	-10.6161	10.8609	5.18435	0.187679
1477010467300000	-10.2927	10.8074	5.21527	-0.0442562	-0.254609	lidar	0	-10.4142	10.8747	-10.3569	10.8697	5.18687	0.162776
1477010467350000	-10.0588	10.847	4.99963	-0.0294145	-0.217021	radar	0	-9.90413	11.2255	-10.0976	10.8772	5.1891	0.139618
1477010467400000	-9.79446	10.8956	5.04352	-0.0200246	-0.19788	lidar	0	-9.83445	11.1032	-9.83809	10.8837	5.19106	0.118212
1477010467450000	-9.57488	10.8704	4.95882	-0.0367734	-0.203729	radar	0	-10.195	10.3498	-9.57852	10.8891	5.19278	0.0985664
1477010467500000	-9.30861	10.8998	5.00518	-0.0325504	-0.189991	lidar	0	-9.3066	11.0348	-9.31887	10.8936	5.19428	0.0806865
1477010467550000	-9.0726	10.8749	4.94063	-0.0459054	-0.191279	radar	0	-9.2226	10.3527	-9.05915	10.8972	5.19557	0.0645787
1477010467600000	-8.80082	10.9095	5.001	-0.0381506	-0.174772	lidar	0	-8.78899	11.0707	-8.79937	10.9001	5.19667	0.050248
1477010467650000	-8.57015	10.8642	4.94177	-0.0588882	-0.185162	radar	0	-8.83914	10.0319	-8.53953	10.9023	5.19759	0.0376992
1477010467700000	-8.41471	10.7872	4.74908	-0.0939412	-0.210813	lidar	0	-8.62045	10.6577	-8.27965	10.9039	5.19835	0.0269359
1477010467750000	-8.17453	10.7901	4.70803	-0.0919851	-0.195434	radar	0	-7.91543	11.1157	-8.01974	10.905	5.19896	0.0179617
1477010467800000	-7.81392	10.8446	4.96825	-0.0675877	-0.161147	lidar	0	-7.51971	11.0005	-7.75979	10.9057	5.19942	0.0107791
1477010467850000	-7.56072	10.8395	4.90947	-0.0654106	-0.145226	radar	0	-7.25987	10.6458	-7.49981	10.9061	5.19975	0.00539029
1477010467900000	-7.27421	10.8323	4.99391	-0.0667972	-0.138959	lidar	0	-7.15631	10.815	-7.23983	10.9063	5.19994	0.00179692
1477010467950000	-7.05543	10.8536	4.82827	-0.0529596	-0.109916	radar	0	-7.39396	11.0181	-6.97983	10.9064	5.2	-7.84874e-015
